7 0 0 2.52164063634 normal
9 0 0 2.94770277922 normal
14 0 0 3.32486295762 normal
9 0 0 2.725480557 normal
19 1 1 3.57661764491 normal
25 0 0 4.16385618977 normal
9 0 0 2.41938194565 normal
7 0 0 2.23592635063 normal
7 0 0 1.6644977792 normal
11 0 0 3.27761343682 normal
7 0 0 2.80735492206 normal
7 0 0 2.80735492206 normal
10 0 0 2.52192809489 normal
7 0 0 2.80735492206 normal
10 0 0 3.32192809489 normal
7 0 0 2.52164063634 normal
10 0 0 1.96096404744 normal
15 0 0 3.3232314288 normal
8 0 0 2.5 normal
18 0 0 3.61436944589 normal
13 1 1 3.18083298721 normal
15 0 0 3.64022392894 normal
15 0 0 3.50689059561 normal
7 0 0 2.23592635063 normal
9 0 0 2.19715972342 normal
8 0 0 3.0 normal
14 0 0 3.37878349349 normal
18 0 0 3.57243125132 normal
10 0 0 3.12192809489 normal
18 0 0 3.68354236243 normal
8 0 0 3.0 normal
8 0 0 3.0 normal
7 0 0 2.80735492206 normal
7 0 0 2.52164063634 normal
18 0 0 3.3502090291 normal
7 0 0 2.80735492206 normal
7 0 0 2.52164063634 normal
17 0 0 3.49922754713 normal
9 0 0 2.94770277922 normal
17 0 0 3.2195282823 normal
10 0 0 3.32192809489 normal
18 0 0 3.39214722366 normal
15 0 0 3.24022392894 normal
11 0 0 2.6635327548 normal
9 0 0 2.94770277922 normal
10 0 0 3.12192809489 normal
14 0 0 3.18200581476 normal
7 0 0 2.12808527889 normal
8 0 0 2.5 normal
10 0 0 3.12192809489 normal
7 0 0 2.23592635063 normal
12 0 0 3.02205520887 normal
44 0 0 3.74014206201 normal
14 0 0 3.37878349349 normal
9 0 0 2.94770277922 normal
15 0 0 3.3232314288 normal
16 1 1 3.625 normal
12 1 1 3.25162916739 normal
10 0 0 2.32192809489 normal
17 0 0 3.69011651759 normal
7 0 0 2.52164063634 normal
8 0 0 2.75 normal
8 0 0 2.75 normal
12 0 0 3.41829583405 normal
14 0 0 3.0391486719 normal
8 0 0 2.75 normal
16 0 0 3.57781953111 normal
10 0 0 2.72192809489 normal
9 0 0 2.94770277922 normal
12 0 0 3.41829583405 normal
14 0 0 3.23592635063 normal
9 0 0 3.16992500144 normal
7 0 0 2.80735492206 normal
9 0 0 2.94770277922 normal
17 0 0 3.41041725276 normal
16 0 0 3.45281953111 normal
13 0 0 3.2389012566 normal
7 0 0 2.52164063634 normal
18 0 0 3.39214722366 normal
12 0 0 3.02205520887 normal
7 0 0 2.52164063634 normal
8 0 0 3.0 normal
11 0 0 2.84535093662 normal
14 0 0 3.80735492206 normal
14 0 0 2.89629152905 normal
13 0 0 3.54659356429 normal
7 0 0 2.52164063634 normal
8 0 0 3.0 normal
11 0 0 2.55034070955 normal
44 0 0 3.95173397255 normal
7 0 0 2.52164063634 normal
8 0 0 3.0 normal
9 0 0 2.94770277922 normal
8 0 0 2.75 normal
8 0 0 2.75 normal
17 0 0 3.33717534112 normal
10 1 1 2.92192809489 normal
14 0 0 3.12808527889 normal
10 0 0 2.72192809489 normal
10 0 0 2.52192809489 normal
8 0 0 3.0 normal
12 0 0 3.41829583405 normal
12 0 0 3.02205520887 normal
9 0 0 2.94770277922 normal
7 0 0 1.84237099318 normal
16 0 0 3.02439747035 normal
9 0 0 2.64160416787 normal
12 1 1 3.08496250072 normal
14 0 0 3.6644977792 normal
22 0 0 3.44740150471 normal
10 0 0 2.84643934467 normal
9 0 0 2.725480557 normal
9 0 0 2.725480557 normal
14 0 0 3.37878349349 normal
16 0 0 3.625 normal
10 0 0 1.96096404744 normal
16 0 0 3.10845859334 normal
17 0 0 3.05747607629 normal
15 0 0 3.77355726228 normal
10 0 0 3.32192809489 normal
25 0 0 3.55907957062 normal
9 0 0 2.725480557 normal
7 0 0 2.52164063634 normal
10 0 0 2.32192809489 normal
11 0 0 3.27761343682 normal
8 0 0 2.75 normal
20 0 0 3.58418371978 normal
15 0 0 3.50689059561 normal
11 0 0 3.27761343682 normal
17 0 0 3.45482239995 normal
11 0 0 2.84535093662 normal
22 0 0 3.20898730026 normal
24 0 0 3.63684218813 normal
13 0 0 3.39274741045 normal
14 0 0 3.32486295762 normal
13 0 0 3.54659356429 normal
16 0 0 3.28063906223 normal
8 0 0 2.75 normal
14 0 0 2.98522813603 normal
8 0 0 2.75 normal
