50 2 1 3.66068587985 abnormal
68 2 1 2.99413693701 abnormal
44 2 1 3.593748747 abnormal
62 2 1 3.93322494029 abnormal
94 3 1 4.31818465815 abnormal
68 2 1 4.58371514436 abnormal
68 2 1 3.0693419698 abnormal
94 3 1 4.25435487091 abnormal
51 2 1 3.57439457088 abnormal
80 2 1 4.52770695413 abnormal
67 2 1 2.9432202463 abnormal
94 3 1 4.30493878051 abnormal
51 2 1 3.71747459105 abnormal
51 2 1 3.62424150278 abnormal
28 2 1 3.74986776226 abnormal
82 4 1 4.35721357563 abnormal
40 2 1 3.88732614526 abnormal
83 2 1 3.99972286193 abnormal
41 2 1 4.02513272454 abnormal
68 2 1 3.1098550213 abnormal
68 2 1 4.5123217183 abnormal
52 2 1 3.79326350115 abnormal
94 3 1 4.31818465815 abnormal
51 2 1 3.70071472885 abnormal
44 2 1 3.50363360845 abnormal
68 2 1 4.48973926898 abnormal
82 4 1 4.35721357563 abnormal
51 2 1 3.82706977455 abnormal
41 2 1 3.73244979771 abnormal
33 2 1 3.95729402903 abnormal
50 2 1 3.81539262972 abnormal
40 2 1 3.883783409 abnormal
67 2 1 2.94517801149 abnormal
80 2 1 4.4572464958 abnormal
33 2 1 3.95729402903 abnormal
80 2 1 4.4572464958 abnormal
44 2 1 3.65804241571 abnormal
94 3 1 4.28366218477 abnormal
80 2 1 4.55270695413 abnormal
105 3 1 3.98508122412 abnormal
40 2 1 4.00619833281 abnormal
51 2 1 3.89069943137 abnormal
94 3 1 4.31818465815 abnormal
67 2 1 4.581015222 abnormal
73 2 1 4.55955427271 abnormal
80 2 1 4.51214304791 abnormal
67 2 1 4.581015222 abnormal
80 2 1 4.47770695413 abnormal
67 2 1 4.59959899063 abnormal
83 2 1 3.99972286193 abnormal
73 2 1 4.55955427271 abnormal
68 2 1 3.02354870172 abnormal
42 2 1 4.16589420839 abnormal
41 2 1 3.95794034644 abnormal
33 2 1 3.99502471078 abnormal
41 2 1 3.97289590869 abnormal
94 3 1 4.32621537626 abnormal
54 2 1 3.88591503534 abnormal
40 2 1 3.93732614526 abnormal
94 3 1 4.30493878051 abnormal
68 2 1 4.5123217183 abnormal
40 2 1 4.00619833281 abnormal
83 2 1 3.99972286193 abnormal
28 2 1 4.03558204797 abnormal
50 2 1 3.68558812981 abnormal
73 2 1 4.46838958734 abnormal
50 2 1 3.76940070152 abnormal
50 2 1 3.85539262972 abnormal
67 2 1 4.60108952003 abnormal
73 2 1 4.46838958734 abnormal
33 2 1 4.00304478673 abnormal
94 3 1 4.28366218477 abnormal
80 2 1 4.50883476658 abnormal
28 2 1 3.73592635063 abnormal
80 2 1 4.55270695413 abnormal
54 2 1 3.92295207238 abnormal
33 2 1 4.00304478673 abnormal
94 3 1 4.00321066062 abnormal
62 2 1 4.03858089151 abnormal
44 2 1 3.63260115483 abnormal
27 2 1 3.82453878073 abnormal
41 2 1 3.86683455392 abnormal
40 2 1 3.95619833281 abnormal
94 3 1 4.31818465815 abnormal
39 2 1 3.93593579622 abnormal
80 2 1 4.55270695413 abnormal
41 2 1 3.86683455392 abnormal
67 2 1 3.0327724851 abnormal
40 2 1 3.74394270792 abnormal
73 2 1 4.47736249188 abnormal
41 2 1 3.95794034644 abnormal
51 2 1 3.78110424788 abnormal
33 2 1 3.98016940788 abnormal
62 2 1 4.00429545572 abnormal
50 2 1 3.81539262972 abnormal
61 2 1 4.05896577191 abnormal
41 2 1 3.85692304278 abnormal
51 2 1 3.79746634309 abnormal
93 3 1 4.09135417186 abnormal
68 2 1 4.48973926898 abnormal
27 2 1 4.02860452163 abnormal
83 2 1 3.99972286193 abnormal
80 2 1 4.4572464958 abnormal
80 2 1 4.55270695413 abnormal
33 2 1 3.99502471078 abnormal
54 2 1 4.17710306742 abnormal
68 2 1 3.0987537345 abnormal
82 4 1 4.35721357563 abnormal
33 2 1 4.01790008963 abnormal
68 2 1 4.48973926898 abnormal
46 3 1 3.90659368633 abnormal
49 3 1 3.56503049284 abnormal
67 2 1 4.59959899063 abnormal
41 2 1 3.94496305435 abnormal
80 2 1 4.55270695413 abnormal
80 2 1 4.49327086036 abnormal
66 2 1 2.91793712711 abnormal
80 2 1 4.55270695413 abnormal
54 2 1 3.97844211724 abnormal
80 2 1 4.46702254198 abnormal
50 2 1 3.82319982023 abnormal
50 2 1 3.78319982023 abnormal
67 2 1 2.89772216258 abnormal
46 3 1 3.9230042842 abnormal
83 2 1 3.99972286193 abnormal
80 2 1 4.51827086036 abnormal
80 2 1 4.48714304791 abnormal
33 2 1 3.98016940788 abnormal
82 4 1 4.35721357563 abnormal
53 2 1 3.91020920121 abnormal
41 2 1 4.06439224831 abnormal
67 2 1 4.5566051918 abnormal
94 3 1 4.05664107605 abnormal
82 4 1 4.35721357563 abnormal
67 2 1 3.04403946275 abnormal
62 2 1 4.00002670561 abnormal
33 2 1 3.99502471078 abnormal
105 3 1 4.00218868917 abnormal
44 2 1 3.5311376674 abnormal
93 3 1 4.33687833092 abnormal
7 0 0 2.52164063634 normal
9 0 0 2.94770277922 normal
14 0 0 3.32486295762 normal
9 0 0 2.725480557 normal
19 1 1 3.57661764491 normal
25 0 0 4.16385618977 normal
9 0 0 2.41938194565 normal
7 0 0 2.23592635063 normal
7 0 0 1.6644977792 normal
11 0 0 3.27761343682 normal
7 0 0 2.80735492206 normal
7 0 0 2.80735492206 normal
10 0 0 2.52192809489 normal
7 0 0 2.80735492206 normal
10 0 0 3.32192809489 normal
7 0 0 2.52164063634 normal
10 0 0 1.96096404744 normal
15 0 0 3.3232314288 normal
8 0 0 2.5 normal
18 0 0 3.61436944589 normal
13 1 1 3.18083298721 normal
15 0 0 3.64022392894 normal
15 0 0 3.50689059561 normal
7 0 0 2.23592635063 normal
9 0 0 2.19715972342 normal
8 0 0 3.0 normal
14 0 0 3.37878349349 normal
18 0 0 3.57243125132 normal
10 0 0 3.12192809489 normal
18 0 0 3.68354236243 normal
8 0 0 3.0 normal
8 0 0 3.0 normal
7 0 0 2.80735492206 normal
7 0 0 2.52164063634 normal
18 0 0 3.3502090291 normal
7 0 0 2.80735492206 normal
7 0 0 2.52164063634 normal
17 0 0 3.49922754713 normal
9 0 0 2.94770277922 normal
17 0 0 3.2195282823 normal
10 0 0 3.32192809489 normal
18 0 0 3.39214722366 normal
15 0 0 3.24022392894 normal
11 0 0 2.6635327548 normal
9 0 0 2.94770277922 normal
10 0 0 3.12192809489 normal
14 0 0 3.18200581476 normal
7 0 0 2.12808527889 normal
8 0 0 2.5 normal
10 0 0 3.12192809489 normal
7 0 0 2.23592635063 normal
12 0 0 3.02205520887 normal
44 0 0 3.74014206201 normal
14 0 0 3.37878349349 normal
9 0 0 2.94770277922 normal
15 0 0 3.3232314288 normal
16 1 1 3.625 normal
12 1 1 3.25162916739 normal
10 0 0 2.32192809489 normal
17 0 0 3.69011651759 normal
7 0 0 2.52164063634 normal
8 0 0 2.75 normal
8 0 0 2.75 normal
12 0 0 3.41829583405 normal
14 0 0 3.0391486719 normal
8 0 0 2.75 normal
16 0 0 3.57781953111 normal
10 0 0 2.72192809489 normal
9 0 0 2.94770277922 normal
12 0 0 3.41829583405 normal
14 0 0 3.23592635063 normal
9 0 0 3.16992500144 normal
7 0 0 2.80735492206 normal
9 0 0 2.94770277922 normal
17 0 0 3.41041725276 normal
16 0 0 3.45281953111 normal
13 0 0 3.2389012566 normal
7 0 0 2.52164063634 normal
18 0 0 3.39214722366 normal
12 0 0 3.02205520887 normal
7 0 0 2.52164063634 normal
8 0 0 3.0 normal
11 0 0 2.84535093662 normal
14 0 0 3.80735492206 normal
14 0 0 2.89629152905 normal
13 0 0 3.54659356429 normal
7 0 0 2.52164063634 normal
8 0 0 3.0 normal
11 0 0 2.55034070955 normal
44 0 0 3.95173397255 normal
7 0 0 2.52164063634 normal
8 0 0 3.0 normal
9 0 0 2.94770277922 normal
8 0 0 2.75 normal
8 0 0 2.75 normal
17 0 0 3.33717534112 normal
10 1 1 2.92192809489 normal
14 0 0 3.12808527889 normal
10 0 0 2.72192809489 normal
10 0 0 2.52192809489 normal
8 0 0 3.0 normal
12 0 0 3.41829583405 normal
12 0 0 3.02205520887 normal
9 0 0 2.94770277922 normal
7 0 0 1.84237099318 normal
16 0 0 3.02439747035 normal
9 0 0 2.64160416787 normal
12 1 1 3.08496250072 normal
14 0 0 3.6644977792 normal
22 0 0 3.44740150471 normal
10 0 0 2.84643934467 normal
9 0 0 2.725480557 normal
9 0 0 2.725480557 normal
14 0 0 3.37878349349 normal
16 0 0 3.625 normal
10 0 0 1.96096404744 normal
16 0 0 3.10845859334 normal
17 0 0 3.05747607629 normal
15 0 0 3.77355726228 normal
10 0 0 3.32192809489 normal
25 0 0 3.55907957062 normal
9 0 0 2.725480557 normal
7 0 0 2.52164063634 normal
10 0 0 2.32192809489 normal
11 0 0 3.27761343682 normal
8 0 0 2.75 normal
20 0 0 3.58418371978 normal
15 0 0 3.50689059561 normal
11 0 0 3.27761343682 normal
17 0 0 3.45482239995 normal
11 0 0 2.84535093662 normal
22 0 0 3.20898730026 normal
24 0 0 3.63684218813 normal
13 0 0 3.39274741045 normal
14 0 0 3.32486295762 normal
13 0 0 3.54659356429 normal
16 0 0 3.28063906223 normal
8 0 0 2.75 normal
14 0 0 2.98522813603 normal
8 0 0 2.75 normal